9/14/2017
FigAccByK

accByK =

    0.7014    0.7825    0.6588    0.5649    0.6468
    0.5679    0.7232    0.7290    0.7467    0.7571
    0.6377    0.6859    0.7525    0.7077    0.8275
    0.4443    0.5217    0.5161    0.4720    0.4699
    0.7365    0.8019    0.7570    0.7293    0.7499
    0.6412    0.7907    0.6973    0.6916    0.7636
    0.6158    0.6721    0.6623    0.6916    0.7123
    0.5285    0.6139    0.7449    0.7918    0.7778


7/25/2017
Running with k=12 for subjects 55,56 we get pretty good MvsR discrimination:
results =

   55.0000    1.0000    1.0000    0.9973    0.8421    0.8162    0.9986    0.9598
   55.0000    1.0000    2.0000    0.6530    0.6879    0.8119    0.8343    0.7947
   55.0000    1.0000    3.0000    0.7715    0.8105    0.8712    0.9020    0.8925
   55.0000    1.0000    4.0000    0.4620    0.7072    0.8413    0.7542    0.9754
   56.0000    2.0000    1.0000    0.9040    0.7072    0.7108    0.9365    0.9948
   56.0000    2.0000    2.0000    0.0368    0.6534    0.7160    0.5205    0.6120
   56.0000    2.0000    3.0000    0.8728    0.7061    0.8353    0.9411    0.9226
   56.0000    2.0000    4.0000    0.8555    0.7828    0.7971    0.9447    0.8896



7/3/2017
Working on the paper  -- here is sample data for a k-means classification
of Sub 55 Session 1

classifier:
 4     2     3     2     1     1     2     3     2     4     1     3

clusters':
    0.5054    0.4643    0.2444    0.1190    0.1743    0.1718    0.3415    0.3159    0.1935    0.6179    0.1326    0.2456
    0.2460    0.1897    0.0867    0.1108    0.1199    0.0760    0.2209    0.1255    0.1937    0.3084    0.1231    0.2016
    0.2723    0.1699    0.1717    0.1290    0.1707    0.0759    0.2720    0.1310    0.2485    0.3920    0.1862    0.2228
    0.4619    0.4669    0.2720    0.1569    0.2162    0.2357    0.3931    0.3355    0.2926    0.6198    0.1634    0.2632
    0.1691    0.1471    0.2199    0.0924    0.1248    0.1735    0.1681    0.2025    0.1289    0.1196    0.3262    0.3031
    0.2100    0.1468    0.0725    0.0699    0.0762    0.0620    0.1466    0.2094    0.1546    0.1830    0.0915    0.2208
    0.2312    0.1226    0.2066    0.0911    0.0747    0.0532    0.1412    0.2755    0.1769    0.1772    0.1551    0.2503
    0.2000    0.1665    0.2434    0.1276    0.1546    0.2425    0.1684    0.2093    0.1787    0.1279    0.3280    0.3046
    0.1200    0.1838    0.2057    0.5579    0.1364    0.2716    0.1420    0.1788    0.4689    0.0880    0.1378    0.1055
    0.2462    0.3976    0.5401    0.5801    0.3152    0.6001    0.2374    0.1769    0.3478    0.2211    0.4832    0.2102
    0.2366    0.5139    0.2330    0.5558    0.1942    0.7066    0.2294    0.1268    0.2886    0.2048    0.3712    0.2006
    0.1060    0.1489    0.1604    0.4636    0.1000    0.1707    0.1113    0.1502    0.2750    0.0763    0.0983    0.0874
    0.0793    0.0697    0.1250    0.0750    0.0712    0.1082    0.0743    0.1085    0.0837    0.0435    0.3042    0.2535
    0.1464    0.1139    0.0954    0.0571    0.0648    0.0614    0.1043    0.3656    0.1456    0.1153    0.0898    0.2344
    0.0964    0.0654    0.2163    0.0662    0.0423    0.0370    0.0608    0.3634    0.1352    0.0623    0.1167    0.1937
    0.0953    0.0795    0.1247    0.1181    0.0880    0.1541    0.0801    0.1130    0.1280    0.0436    0.3221    0.2500
    0.1262    0.1350    0.2050    0.1557    0.4933    0.2749    0.2741    0.1944    0.1250    0.1310    0.0992    0.0922
    0.1514    0.1519    0.2053    0.1821    0.4240    0.2005    0.2909    0.1226    0.1582    0.1722    0.2125    0.1330
    0.1634    0.1282    0.1724    0.1579    0.5180    0.1273    0.2966    0.1033    0.1508    0.1637    0.1708    0.1325
    0.1368    0.1383    0.1995    0.1337    0.4412    0.1970    0.2472    0.1920    0.1257    0.1324    0.0882    0.0948

IMAGES:
sub55s1Plot
sub55s1Classification
sub55s1Accuracy

6/29/2017
Training and testing on all 4 sessions of all 10 subjects with label = subject id (from 1 to 10 we get 73% accuracy ...

       32572           0        1231        1545        3436           8         200        2410        1961         302
           5       44924         833        2028           0        4529        5637        1365         211        2090
        1361          51       43394        1072        3376        4525        3934        1334        1268           0
        3305         644        1161       39247           0        1448        3713         634           0        4043
        7894         162         529           3       39987        1022         610         279        4338        4103
           0         113         196           0          39       30543        2691         831        4648           0
         711         213           0         733           0         301       24846           0        2548           0
         313        1385         423           0         525        1463        1287       37670        2969        2419
          23           0           0           0          42        1653         962         295       25317         340
        1816         106         233        3372         595        2192        4119        3182        4740       34703

and looking at these as percentages for each subject we get
  67.8583         0    2.5646    3.2188    7.1583    0.0168    0.4167    5.0208    4.0854    0.6292
    0.0104   94.3821    1.7354    4.2250         0    9.4979   11.7440    2.8438    0.4396    4.3542
    2.8354    0.1071   90.4042    2.2333    7.0333    9.4896    8.1960    2.7792    2.6417         0
    6.8854    1.3530    2.4188   81.7646         0    3.0367    7.7356    1.3208         0    8.4229
   16.4458    0.3404    1.1021    0.0063   83.3063    2.1433    1.2709    0.5813    9.0375    8.5479
         0    0.2374    0.4083         0    0.0813   64.0529    5.6064    1.7313    9.6833         0
    1.4812    0.4475         0    1.5271         0    0.6312   51.7636         0    5.3083         0
    0.6521    2.9098    0.8812         0    1.0938    3.0681    2.6813   78.4792    6.1854    5.0396
    0.0479         0         0         0    0.0875    3.4666    2.0042    0.6146   52.7437    0.7083
    3.7833    0.2227    0.4854    7.0250    1.2396    4.5969    8.5814    6.6292    9.8750   72.2979

We get better results by throwing away the bad data and looking at session 1 for subjects [55,56,57,58,59,61,71,72];

So we get 96% accuracy overall and with a range from 88 to 100% for different subjects

  88.7750         0         0         0         0         0         0         0
    0.4250   99.4403         0         0         0         0         0         0
    2.8417    0.5597   99.9750         0    0.7083         0    1.6250         0
    7.7750         0    0.0250  100.0000    0.4833         0    0.7500         0
         0         0         0         0   96.9167         0    3.8000         0
         0         0         0         0    0.7000   98.4370    2.5667         0
    0.1833         0         0         0    1.1917    1.5630   88.8500         0
         0         0         0         0         0         0    2.4083  100.0000


